2
51
Guarulhos 0
Brasilia  1
Fortaleza 2
Maceio 3
Manaus 4
Florianopolis 5
Goiania 6
Galeao 7
Confins	8
Belem 9
Porto Alegre 10
Santos Dumont 11
Cuiaba 12
Salvador 13
Recife 14
Vitoria 15
Curitiba 16
Natal 17
Vira-copos 18
Congonhas 19
joao Pessoa 20
Uberlandia 21
Campo_Grande 22
Foz do Iguacu 23
Sao Luiz 24
Aracaju 25
Agua Boa 26
Almerim	27
Almerim M.Dourado 28
Alta Floresta 29
Altamira 30
Apucarana 31
Aracatuba 32
Araguaina 33
Barreiras 34
Bauru-Arealva 35
Boa Vista 36
Bonito 37
Breves 38
Cacador 39
Caldas Nova 40
Campina Grande 41
Campos dos Goytacazes 42
Carajas	43
Cararuari 44
Caruaru	45
Cascavel 46
Caixias do Sul 47
Chapeco	48
Coari Urucu 49
Cruz 50
189
0 1 864
0 2 2357
0 3 1915
0 4 2700
0 5 502
0 6 805
0 7 345
0 8 527
0 9 2475
0 10 840
0 11 350
0 12 1330
0 13 1467
0 14 2143
0 15 757
0 16 326
0 17 2307
0 20 2199
0 21 534
0 22 897
0 23 846
0 24 2337
0 25 1716
0 32 473
0 39 584
0 40 670
0 41 2311
0 46 722
0 47 1101
0 48 735
0 50 2382
1 2 1687
1 3 1482
1 4 1938
1 5 1314
1 6 176
1 7 916
1 8 592
1 9 1596
1 10 1619
1 11 933
1 12 879
1 13 1059
1 14 1654
1 15 944
1 16 1081
1 18 795
1 20 1712
1 21 350
1 22 879
1 24 1535
1 25 1295
1 33 419
1 34 519
1 36 2507
1 43 1500
2 4 2387
2 7 2180
2 8 1864
2 9 1133
2 13 1027
2 14 627
2 18 2321
2 24 654
3 7 1665
3 13 476
3 14 202
3 18 1902
4 9 1297
4 14 2835
4 36 702
4 44 843
4 49 618
5 7 754
5 8 1000
5 10 376
5 11 751
5 18 376
5 39 260
5 48 405
6 7 927
6 8 645
6 11 940
6 12 741
6 13 1225
6 14 1830
6 18 792
6 23 1127
7 8 361
7 10 1130
7 13 1202
7 14 1867
7 16 678
7 18 392
7 20 1961
7 25 1475
8 9 2079
8 10 1367
8 12 1359
8 13 942
8 14 1618
8 15 391
8 16 842
8 18 483
8 21 457
8 24 1901
8 34 838
8 43 1600
9 14 1674
9 18 2390
9 27 457
9 30 459
9 38 229
9 43 587
10 14 2979
10 16 547
10 18 894
10 23 599
11 8 375
11 10 1126
11 12 1581
11 13 1209
11 14 1873
11 15 414
11 16 679
11 18 399
11 42 228
12 14 2454
12 16 1303
12 18 1248
12 22 563
12 26 453
12 29 636
13 14 675
13 15 836
13 18 1435
13 20 762
13 24 1323
13 25 277
13 34 709
14 18 2111
14 20 103
14 24 1209
14 25 398
14 45 123
15 14 1481
15 18 764
16 22 779
16 23 532
16 31 304
16 39 299
16 46 424
17 1 1773
17 2 433
17 7 2077
17 11 1959
17 13  875
17 14 252
17 18 2287
18 16 350
18 20 2242
18 21 1953
18 22 826
18 23 815
18 24 2285
18 25 1705
18 32 396
18 35 223
18 37 991
18 46 688
19 1 822
19 2 2382
19 3 1942
19 5 476
19 6 819
19 8 527
19 10 839
19 11 456
19 12 1329
19 13 1467
19 14 2143
19 15 757 
19 16 326
19 17 2334
19 21 550
19 22 889
19 23 822
24 43 772
27 28 280